Minimum value: 108.61
Maximum value: 844.36
Range value: 735.75
Mean: 337.9
Median: 282.92
Mode: 125.89
Standard Deviation: 189.06
Correlation coefficient: -0.24
Population variance: 35742.05
Skew : 1.09
Kurtosis : 3.15
First Quartile : 194
Third Quartile : 398
Quartile Range : 204
Outliers : {753.78, 755.05, 752.61, 757.25, 757.31, 757.77, 758.81, 744.86, 750.57, 704.2, 706.39, 707.95, 708.35, 709.92, 710.6, 710.66, 712.24, 713.23, 714.01, 714.26, 714.91, 715.24, 715.6, 715.62, 715.82, 717.51, 717.91, 717.93, 719.07, 719.3, 719.44, 722.08, 722.79, 723.74, 725.54, 725.68, 726.64, 726.73, 727.65, 728.1, 728.24, 735.44, 735.59, 736.07, 736.57, 736.67, 737.61, 739.01, 739.61, 745.81, 739.95, 740.34, 741.2, 742.38, 742.63, 743.24, 743.65, 744.43, 745.72, 746.49, 748.21, 761.0, 749.87, 759.22, 759.36, 759.48, 762.45, 761.01, 760.12, 760.14, 760.16, 760.58, 760.59, 760.77, 761.09, 762.52, 764.04, 764.46, 764.63, 764.72, 767.03, 765.15, 765.56, 765.98, 771.22, 772.13, 766.0, 766.34, 766.56, 766.77, 778.52, 767.33, 767.58, 767.74, 784.06, 784.48, 784.93, 768.31, 768.49, 754.64, 768.56, 768.66, 768.82, 769.0, 769.16, 769.69, 799.16, 770.42, 770.6, 770.62, 804.7, 805.75, 771.24, 771.29, 771.4, 771.49, 771.88, 772.44, 772.56, 810.32, 812.95, 816.11, 817.65, 817.69, 818.36, 818.99, 822.59, 774.34, 822.96, 775.1, 828.72, 829.05, 829.28, 831.0, 776.32, 834.03, 834.09, 835.18, 836.74, 837.31, 838.09, 839.43, 841.66, 841.71, 844.36, 756.4, 780.0, 780.12, 780.22, 780.37, 785.33, 785.41, 787.75, 788.87, 789.74, 789.82}
